5
6
7
8
9
10
11
12
13
14
15
16
17
18
38
55
56
74
75
76
77
79
80
81
82
83
84
85
86
87
88
89
90
91
92
95
96
98
99
100
101
109
110
111
112
113
114
115
116
118
119
122
123
124
125
147
152
153
154
155
156
157
158
159
160
161
162
163
164
165
166
167
168
169
170
171
172
173
174
175
176
177
178
179
180
181
188
191
192
193
194
195
196
197
198
199
200
201
202
203
205
206
238
239
241
242
243
254
255
256
257
258
259
260
261
262
263
264
265
266
268
269
270
271
272
273
307
309
310
311
313
314
315
317
318
319
320
325
326
327
332
337
338
339
340
341
343
344
345
347
348
349
350
351
352
353
354
356
357
358
359
360
361
362
363
364
365
366
367
368
369
370
371
372
376
377
378
379
380
381
382
384
437
444
445
446
452
455
456
457
458
459
460
461
462
463
464
465
466
467
468
469
470
471
472
479
480
481
482
483
487
488
489
490
492
493
494
495
496
497
498
499
500
501
502
503
504
505
506
507
508
509
510
511
519
520
521
522
525
546
547
548
549
550
551
552
553
554
555
556
557
558
559
560
561
566
567
568
570
571
574
575
576
577
578
579
580
584
590
591
592
593
599
600
601
604
605
606
607
608
609
610
612
613
614
615
616
617
620
621
622
623
624
625
626
627
628
629
630
631
632
633
634
635
636
637
638
661
662
663
664
665
666
667
668
671
673
675
676
693
694
695
699
700
701
702
703
706
707
708
709
710
711
712
713
714
715
716
717
718
719
720
721
722
723
724
725
726
727
728
731
732
733
734
735
736
737
738
739
740
896
899
900
901
902
903
904
905
906
907
908
909
910
911
912
913
914
915
916
917
918
919
920
921
922
923
924
925
926
927
928
929
930
931
932
933
934
935
936
937
938
939
940
941
942
943
944
945
946
947
948
949
956
957
959
960
961
962
963
964
965
966
972
973
974
975
976
977
978
979
980
981
982
983
984
985
986
987
988
989
990
1009
1010
1011
1016
1017
1018
1030
1031
1032
1033
1034
1035
1036
1037
1038
1039
1040
1041
1042
1043
1044
1045
1046
1047
1048
1049
1050
1051
1052
1053
1064
1065
1066
1069
1083
1095
1096
1097
1099
1100
1101
1102
1110
1111
1112
1113
1114
1115
1116
1119
1120
1121
1122
1123
1124
1125
1126
1127
1128
1129
1130
1131
1132
1133
1134
1135
1136
1137
1138
1139
1140
1141
1142
1143
1144
1145
1146
1147
1148
1149
1150
1151
1152
1153
1154
1155
1156
1157
1183
1184
1185
1186
1187
1188
1189
1190
1191
1192
1193
1194
1195
1196
1197
1198
1199
1200
1201
1202
1205
1206
1234
1236
1237
1238
1239
1240
1244
1247
1248
1249
1250
1251
1252
1266
1297
1298
1299
1300
1301
1302
1303
1304
1305
1306
1307
1308
1309
1310
1311
1312
1313
1314
1315
1316
1317
1318
1319
1320
1321
1322
1323
1324
1325
1326
1327
1328
1329
1330
1331
1332
1333
1334
1335
1336
1337
1338
1339
1340
1341
1342
1343
1344
1345
1346
1347
1348
1349
1350
1351
1429
1430
1431
1432
1433
1434
1435
1436
1437
1438
1439
1440
1441
1442
1443
1444
1445
1446
1447
1448
1449
1450
1451
1452
1453
1454
1455
1456
1457
1458
1459
1460
1461
1462
1494
1495
1498
1499
1501
1502
1503
1504
1505
1507
1508
1509
1512
1513
1517
1518
1519
1520
1521
1522
1524
1525
1526
1527
1528
1529
1531
1532
1533
1534
1535
1536
1537
1538
1539
1540
1541
1542
1543
1544
1545
1546
1547
1548
1549
1550
1551
1552
1553
1554
1555
1556
1557
1558
1559
1560
1561
1562
1563
1564
1565
1566
1567
1568
1569
1570
1571
1572
1573
1574
1575
1576
1577
1578
1579
1580
1581
1582
1583
1584
1585
1586
1587
1588
1589
1590
1591
1592
1593
1621
1622
1623
1637
1641
1642
1643
1644
1645
1646
1647
1665
1666
1695
1698
1699
1713
1714
1715
1716
1717
1718
1719
1720
1721
1722
1723
1724
1725
1726
1727
1728
1729
1730
1731
1732
1733
1736
1737
1741
1742
1743
1744
1745
1746
1747
1748
1749
1750
1751
1752
1753
1754
1755
1756
1757
1758
1759
1760
1761
1790
1791
1799
1810
1811
1812
1845
1846
1847
1848
1849
1850
1851
1852
1853
1901
1902
1903
1904
1905
1906
1907
1908
1909
1940
1941
1949
1950
1951
1952
1953
1954
1955
1956
1957
1958
1959
1960
1962
1963
1964
1965
1967
1968
1969
1970
1971
2029
2077
2078
2079
2080
2081
2082
2083
2084
2085
2086
2087
2088
2089
2090
2091
2092
2093
2102
2103
2104
2105
2106
2107
2108
2109
2110
2111
2112
2113
2114
2115
2116
2117
2118
2119
2120
2121
2122
2123
2124
2125
2126
2127
2128
2129
2130
2131
2132
2133
2134
2135
2136
2137
2138
2139
2140
2141
2142
2143
2144
2145
2146
2147
2148
2149
2150
2151
2152
2153
2154
2155
2156
2157
2158
2159
2160
2161
2162
2163
2164
2165
2166
2167
2168
2169
2170
2171
2172
2173
2174
2175
2176
2177
2182
2183
2184
2185
2186
2187
2188
2189
2190
2191
2198
2199
2210
2211
2212
2213
2216
2217
2218
2273
2572
2573
2574
2575
2576
2577
2578
2579
2580
2581
2582
2583
2584
2585
2586
2587
2588
2589
2590
2591
2592
2593
2594
2595
2596
2597
2598
2599
2600
2601
2602
2603
2604
2605
2606
2653
2654
2691
2692
2716
2717
2718
2719
2720
2721
2722
2723
2724
2731
2737
2738
2742
2743
2745
2746
2747
2748
2749
2750
2751
2780
2781
2782
2783
2784
2785
2786
2787
2788
2789
2790
2791
2792
2793
2794
2795
2796
2797
2798
2799
2800
2801
2802
2803
2804
2805
2806
2807
2808
2809
2810
2811
2812
2813
2814
2815
2816
2819
2820
2821
2822
2827
2828
2829
2832
2833
2835
2836
2837
2838
2839
2840
2841
2842
2843
2844
2845
2846
2847
2848
2849
2850
2851
2852
2853
2854
2855
2856
2857
2858
2859
2860
2861
2862
2863
2864
2865
2866
2867
2868
2869
2870
2871
2872
2873
2874
2875
2876
2877
2878
2879
2880
2881
2882
2883
2884
2885
2886
2887
2971
2973
2978
2980
2981
2982
2984
2985
2986
3017
3020
3021
3022
3023
3024
3025
3026
3035
3037
3039
3040
3043
3047
3054
3055
3097
3128
3131
3132
3133
3135
3136
3139
3140
3143
3148
3151
3155
3157
3162
3163
3164
3165
3166
3167
3168
3169
3170
3171
3177
3178
3179
3180
3181
3182
3184
3185
3186
3187
3188
3189
3190
3192
3193
3194
3195
3196
3198
3199
3200
3201
3202
3203
3204
3205
3206
3207
3208
3209
3210
3211
3212
3218
3219
3220
3221
3222
3223
3224
3225
3226
3227
3228
3233
3234
3235
3236
3239
3241
3242
3243
3244
3245
3246
3247
3248
3268
3269
3270
3275
3276
3277
3280
3281
3282
3283
3284
3285
3286
3287
3288
3289
3290
3291
3292
3293
3302
3303
3304
3305
3313
3314
3315
3316
3317
3318
3319
3320
3321
3322
3323
3324
3325
3326
3327
3328
3329
3330
3331
3332
3333
3334
3335
3336
3337
3338
3339
3340
3341
3342
3343
3344
3345
3346
3347
3348
3349
3350
3351
3352
3353
3358
3359
3360
3361
3362
3371
3394
3407
3458
3459
3475
3476
3477
3478
3479
3480
3481
3482
3483
3484
3485
3486
3487
3488
3489
3490
3491
3492
3493
3494
3495
3496
3497
3498
3499
3500
3501
3502
3503
3504
3505
3506
3507
3508
3509
3510
3513
3514
3533
3534
3535
3536
3538
3539
3540
3541
3542
3543
3592
3606
3680
3688
3689
3690
3691
3741
3742
3743
3744
3745
3746
3772
3773
3774
3775
3776
3777
3778
3779
3780
3781
3782
3783
3784
3785
3786
3787
3788
3789
3790
3791
3792
3793
3794
3795
3796
3797
3798
3799
3800
3801
3802
3803
3804
3805
3806
3807
3808
3809
3865
3866
3867
3868
3869
3874
3875
3876
3877
3878
3880
3891
3979
3980
3995
3996
3997
3998
3999
4000
4001
4002
4003
4004
4005
4006
4007
4008
4009
4010
4011
4012
4013
4014
4015
4016
4017
4018
4019
4020
4021
4022
4023
4024
4025
4026
4027
4028
4029
4030
4031
4032
4033
4034
4035
4036
4037
4038
4065
4066
4067
4091
4092
4094
4103
4104
4105
4106
4107
4129
4226
4227
4228
4229
4230
4231
4232
4233
4234
4235
4236
4237
4238
4239
4240
4241
4242
4243
4244
4245
4246
4247
4248
4249
4250
4251
4252
4253
4254
4255
4256
4257
4258
4259
4260
4261
4262
4263
4264
4265
4266
4267
4268
4269
4270
4271
4272
4273
4274
4285
4323
4324
4325
4326
4327
4328
4329
4330
4331
4332
4333
4334
4335
4336
4337
4338
4339
4340
4363
4364
4365
4366
4367
4368
4369
4370
4371
4372
4373
4374
4408
4424
4425
4426
4427
4428
4429
4430
4431
4432
4433
4434
4506
4512
4513
4514
4515
4516
4517
4518
4519
4520
4521
4522
4523
4524
4525
4526
4527
4528
4529
4530
4531
4532
4533
4534
4656
4665
4666
4676
4677
4678
4679
4680
4681
4682
4683
4684
4685
4686
4687
4692
4693
4694
4695
4696
4697
4698
4699
4702
4703
4704
4705
4746
4752
4756
4757
4758
4767
4769
4770
4771
4789
4790
4791
4792
4793
4794
4795
4796
4797
4812
4829
4830
4831
4832
4833
4834
4835
4836
4841
4845
4854
4855
4856
4857
4862
4863
4864
4870
4871
4877
4882
4883
4886
4889
4890
4891
4892
4893
4894
4895
4896
4897
4898
4899
4900
4908
4912
4971
4972
4973
4974
4975
4984
4985
5003
5014
5015
5016
5021
5024
5025
5026
5027
5028
5030
5032
5033
5069
5070
5071
5072
5073
5076
5077
5078
5079
5080
5081
5082
5083
5084
5085
5086
5087
5088
5089
5094
5096
5101
5110
5111
5112
5114
5117
5122
5145
5150
5151
5152
5154
5167
5168
5169
5174
5175
5176
5177
5178
5189
5205
5206
5207
5208
5211
5212
5214
5216
5217
5227
5228
5230
5231
5236
5237
5238
5261
5262
5263
5264
5267
5268
5269
5270
5288
5289
5290
5291
5292
5293
5294
5295
5296
5297
5298
5299
5300
5301
5302
5303
5304
5328
5329
5330
5331
5332
5333
5344
5345
5346
5352
5353
5364
5387
5388
5389
5390
5391
5392
5393
5398
5409
5410
5411
5413
5436
5437
5438
5439
5440
5441
5445
5451
5452
5453
5465
5466
5467
5468
5469
5562
5574
5584
5585
5586
5587
5588
5589
5590
5625
5635
5636
5637
5638
5639
5640
5648
5649
5650
5651
5657
5658
5659
5660
5661
5662
5663
5665
5666
5673
5674
5675
5681
5685
5686
5687
5694
5695
5696
5697
5700
5702
5703
5704
5708
5709
5712
5713
5715
5716
5717
5718
5719
5720
5721
5730
5731
5732
5733
5734
5735
5736
5737
5749
5750
5751
5752
5753
5754
5755
5757
5758
5759
5760
5761
5762
5763
5764
5765
5781
5794
5795
5796
5797
5798
5799
5800
5801
5802
5803
5804
5805
5806
5807
5808
5809
5810
5811
5812
5813
5814
5815
5816
5817
5818
5819
5820
5821
5822
5823
5824
5825
5826
5827
5828
5829
5830
5831
5832
5833
5834
5835
5836
5837
5838
5839
5840
5841
5842
5843
5844
5845
5846
5847
5848
5849
5852
5853
5854
5855
5856
5857
5858
5865
5866
5867
5868
5869
5870
5871
5872
5891
5893
5903
5904
5937
5938
5939
5940
5941
5942
5943
5944
5953
5954
5955
5957
5958
5987
5988
5989
6010
6011
6012
6013
6014
6015
6016
6017
6018
6019
6020
6021
6022
6023
6024
6025
6026
6032
6033
6034
6035
6036
6037
6038
6039
6040
6041
6042
6043
6044
6045
6046
6047
6048
6049
6050
6051
6052
6053
6054
6055
6056
6057
6058
6059
6060
6061
6062
6063
6064
6065
6066
6127
6128
6129
6130
6131
6138
6139
6140
6141
6142
6149
6203
6204
6205
6206
6207
6208
6209
6210
6211
6212
6213
6214
6215
6216
6228
6229
6230
6231
6278
6286
6287
6288
6289
6295
6296
6297
6298
6299
6300
6385
6386
6387
6388
6389
6390
6391
6392
6444
6448
6571
6572
6573
6574
6575
6576
6577
6578
6579
6580
6581
6582
6583
6584
6585
6586
6587
6590
6591
6592
6593
6594
6595
6596
6597
6601
6602
6603
6604
6605
6606
6607
6608
6609
6610
6611
6612
6613
6614
6615
6616
6617
6645
6649
6650
6659
6661
6664
6676
6677
6678
6679
6680
6681
6682
6683
6684
6685
6686
6687
6688
6689
6690
6755
6756
6757
6758
6759
6760
6761
6868
6869
6870
6871
6872
6873
6874
6875
6876
6877
6878
6879
6880
6881
6882
6884
6885
6887
6888
6889
6890
6891
6892
6893
6894
6895
6896
6897
6898
6899
6935
6936
6937
6938
6939
6940
6941
6942
6943
6944
6945
6946
6947
6948
6949
6950
6951
6952
6953
6954
6955
6956
6957
6958
6959
6960
6961
6962
6963
6964
6965
6966
6967
6968
6969
6970
6971
6972
6973
7131
7132
7133
7134
7135
7136
7137
7138
7139
7143
7148
7149
7150
7151
7152
7153
7154
7155
7156
7157
7158
7159
7160
7217
7226
7227
7228
7231
7232
7237
7328
7331
7332
7333
7335
7336
7337
7338
7339
7340
7341
7342
7343
7344
7345
7346
7347
7348
7349
7350
7351
7352
7353
7354
7355
7356
7357
7358
7359
7373
7374
7375
7376
7377
7378
7379
7380
7381
7382
7383
7386
7387
7388
7389
7390
7391
7392
7393
7394
7395
7396
7397
7398
7399
7400
7401
7402
7403
7404
7405
7406
7407
7408
7409
7410
7411
7412
7413
7414
7415
7416
7471
7476
7477
7487
7488
7489
7490
7491
7492
7493
7526
7527
7528
7529
7530
7531
7532
7533
7534
7535
7536
7537
7538
7616
7617
7619
7620
7621
7622
7623
7624
7625
7626
7627
7628
7629
7630
7631
7632
7633
7634
7635
7636
7637
7638
7639
7640
7641
7642
7643
7644
7645
7646
7647
7648
7649
7650
7651
7652
7655
7656
7657
7658
7659
7660
7661
7662
7663
7664
7665
7666
7667
7668
7669
7670
7671
7672
7673
7674
7675
7676
7677
7678
7679
7764
7765
7770
7904
7905
7906
7907
7909
7910
7911
7912
7913
7914
7915
7916
7917
7918
7919
7920
7921
7922
7923
7924
7925
7926
7927
7928
7929
7930
7931
7932
7933
7934
7935
7936
7937
7938
7939
7940
7941
7942
7943
7944
7945
7946
7947
7948
7949
7950
7951
7952
7953
7954
7955
7956
7957
7958
7959
7960
7961
7962
7963
7964
7965
7966
7967
7968
7969
7970
7971
7972
7973
8061
8062
8169
8174
8175
8176
8177
8178
8179
8180
8181
8182
8183
8184
8185
8186
8187
8249
8250
8251
8252
8253
8254
8255
8256
8257
8258
8259
8327
8328
8329
8383
8385
8386
8387
8388
8393
8428
8429
8430
8431
8438
8442
8443
8444
8445
8446
8447
8448
8449
8450
8451
8452
8453
8454
8455
8471
8472
8497
8498
8507
8508
8548
8549
8550
8551
8552
8553
8554
8555
8556
8557
8558
8559
8560
8580
8581
8582
8583
8584
8585
8586
8587
8588
8589
8590
8591
8592
8593
8594
8595
8596
8597
8598
8599
8600
8601
8602
8603
8604
8605
8606
8607
8608
8609
8610
8611
8612
8613
8614
8615
8616
8617
8618
8619
8620
8621
8622
8623
8624
8625
8626
8627
8628
8629
8630
8631
8632
8633
8634
8635
8636
8637
8638
8639
8640
8641
8642
8643
8644
8645
8646
8691
8733
8740
9107
9108
9109
9125
9128
9137
9149
9150
9151
9156
9174
9175
9176
9177
9178
9179
9181
9183
9184
9186
9188
9189
9190
9191
9192
9195
9198
9199
9200
9201
9202
9204
9205
9210
9211
9213
9214
9215
9216
9217
9218
9219
9220
9221
9222
9223
9224
9225
9226
9229
9230
9231
9233
9234
9235
9237
9238
9239
9240
9241
9242
9243
9244
9245
9249
9251
9252
9254
9259
9260
9261
9262
9263
9264
9265
9269
9271
9272
9273
9274
9275
9280
9281
9282
9283
9284
9285
9286
9288
9289
9311
9337
9338
9339
9340
9341
9342
9343
9344
9345
9346
9347
9348
9349
9357
9358
9359
9360
9362
9363
9364
9365
9366
9367
9368
9369
9370
9371
9372
9373
9374
9375
9376
9380
9381
9384
9385
9386
9387
9403
9404
9405
9406
9416
9417
9436
9437
9438
9440
9441
9442
9443
9444
9445
9447
9449
9450
9451
9452
9453
9454
9456
9457
9459
9460
9461
9462
9463
9464
9465
9466
9468
9475
9482
9483
9484
9485
9486
9487
9488
9489
9490
9491
9494
9495
9511
9515
9516
9525
9526
9529
9530
9531
9532
9533
9542
9545
9546
9547
9548
9549
9550
9551
9552
9559
9567
9568
9569
9570
9571
9572
9573
9574
9575
9576
9577
9578
9579
9580
9600
9601
9602
9603
9604
9605
9606
9626
9627
9671
9672
9673
9674
9675
9684
9685
9686
9687
9691
9692
9693
9694
9695
9718
9719
9725
9726
9727
9728
9729
9730
9742
9745
9863
9864
9865
9867
9868
9869
9870
9871
9897
9907
9908
9923
9926
9927
9930
9931
9940
9941
9942
9943
9996
9997
9998
10019
10020
10106
10107
10108
10109
10110
10111
10112
10113
10114
10115
10116
10117
10118
10119
10120
10121
10122
10123
10124
10125
10126
10127
10128
10129
10130
10131
10132
10133
10134
10135
10136
10137
10138
10139
10140
10141
10142
10143
10144
10145
10146
10147
10148
10149
10150
10151
10152
10153
10154
10155
10156
10157
10158
10159
10160
10161
10162
10163
10164
10165
10166
10167
10168
10169
10170
10171
10172
10173
10174
10175
10176
10177
10178
10179
10193
10194
10195
10196
10197
10198
10199
10200
10201
10202
10203
10204
10205
10206
10207
10208
10209
10218
10220
10273
10274
10275
10276
10277
10278
10279
10280
10287
10288
10289
10290
10291
10292
10293
10294
10295
10296
10345
10350
10351
10352
10353
10354
10388
10389
10390
10391
10392
10393
10394
10395
10396
10397
10398
10399
10400
10401
10402
10403
10404
10405
10406
10407
10408
10409
10435
10437
10519
10520
10532
10533
10534
10535
10536
10537
10538
10539
10540
10541
10542
10543
10544
10545
10546
10549
10550
10551
10552
10553
10554
10555
10556
10557
10561
10591
10592
10593
10594
10595
10596
10597
10598
10599
10615
10617
10618
10629
10632
10633
10634
10635
10637
10646
10647
10648
10679
10680
10705
10706
10707
10708
10709
10710
10722
10723
10724
10728
10729
10730
10731
10750
10751
10752
10753
10754
10771
10772
10773
10774
10775
10776
10777
10789
10790
10791
10792
10796
10797
10798
10799
10800
10801
10802
10803
10804
10805
10806
10869
10870
10871
10872
10873
10874
10875
10876
10877
10878
10879
10880
10881
10882
10883
10884
10885
10889
10890
10891
10898
10899
10900
10901
10902
10903
10904
10905
10906
10907
10908
10909
10911
10916
11013
11346
11347
11348
11349
11350
11351
11354
11355
11364
11365
11366
11369
11371
11372
11373
11374
11375
11376
11377
11378
11379
11380
11381
11382
11384
11385
11388
11389
11390
11391
11392
11396
11397
11398
11399
11400
11401
11402
11403
11404
11405
11406
11410
11413
11452
11525
11533
11534
11535
11536
11537
11538
11539
11540
11569
11570
11575
11576
11577
11578
11579
11580
11583
11584
11585
11586
11587
11590
11595
11602
11603
11604
11605
11615
11616
11617
11635
11636
11652
11653
11654
11655
11656
11657
11658
11659
11660
11661
11662
11663
11668
11726
11727
11728
11729
11730
11744
11745
11758
11798
11801
11806
11807
11812
11813
11815
11817
11818
11819
11821
11822
11834
11835
11840
11842
11844
11846
11847
11849
11851
11852
11853
11854
11855
11859
11860
11861
11866
11867
11868
11870
11872
11873
11876
11878
11879
11882
11883
11884
11885
11907
11910
11911
11913
11998
11999
12000
12001
12002
12003
12004
12005
12006
12007
12008
12009
12076
12077
12267
12268
12269
12270
12271
12272
12273
12274
12275
12276
12277
12278
12279
12280
12281
12282
12283
12284
12285
12286
12287
12288
12289
12290
12291
12292
12295
12296
12299
12300
12301
12302
12303
12304
12305
12306
12307
12308
12309
12310
12311
12312
12313
12314
12315
12316
12317
12318
12319
12320
12321
12322
12323
12324
12325
12326
12327
12328
12329
12330
12331
12332
12333
12334
12339
12340
12354
12355
12356
12418
12419
12420
12421
12422
12423
12424
12433
12434
12435
12436
12437
12438
12439
12440
12441
12442
12462
12463
12464
12465
12466
12467
12468
12469
12470
12471
12472
12473
12474
12475
12476
12477
12752
12753
12754
12755
12756
12757
12763
12764
12766
12767
12768
12769
12770
12843
12845
12846
12847
12848
12849
12850
12851
12852
12853
12854
12855
12856
12857
12858
12859
12860
12861
12862
12863
12864
12865
12866
12943
12944
12949
12950
12951
12952
12953
12954
12955
12956
12957
12958
12959
12960
12961
12962
12963
13014
13015
13016
13017
13018
13019
13020
13021
13042
13092
13093
13094
13095
13096
13097
13098
13099
13100
13101
13102
13103
13104
13105
13107
13108
13109
13140
13141
13150
13151
13159
13160
13161
13162
13169
13172
13178
13182
13183
13184
13185
13186
13187
13188
13189
13190
13205
13210
13212
13213
13214
13215
13216
13217
13218
13219
13220
13221
13224
13225
13227
13228
13229
13230
13231
13232
13233
13236
13237
13238
13239
13241
13250
13251
13259
13260
13269
13270
13275
13276
13279
13280
13281
13284
13285
13286
13295
13315
13369
13370
13371
13372
13377
13380
13381
13395
13399
13400
13402
13403
13405
13409
13418
13419
13429
13430
13431
13468
13469
13470
13471
13472
13473
13474
13475
13476
13477
13478
13479
13480
13481
13506
13507
13508
13509
13518
13519
13523
13524
13543
13552
13553
13554
13555
13561
13562
13790
13791
13792
13833
13834
13835
13836
13837
13838
13940
14029
14034
14035
14062
14063
14064
14094
14095
14096
14097
14098
14099
14100
14101
14328
14340
14341
14360
14361
14362
14363
14375
14376
14377
14378
14379
14380
14381
14382
14383
14384
14385
14386
14387
14527
14528
14529
14530
14531
14532
14533
14534
14535
14536
14555
14556
14557
14558
14559
14560
14561
14804
14805
14806
15077
15078
15082
15294
15295
15296
15299
15300
15301
15302
15303
15304
15305
15306
15307
15308
15318
15319
15320
15323
15324
15340
15341
15342
15343
15437
15440
15441
15443
15444
15445
15446
15484
15485
15486
15487
15488
15489
15490
15491
15492
15493
15494
15495
15496
15497
15498
15499
15500
15501
15502
15503
15504
15505
15506
15507
15508
15509
15510
15511
15512
15513
15514
15515
15516
15517
15518
15519
15520
15521
15522
15523
15524
15525
15526
15527
15528
15529
15530
15567
15568
15569
15570
15571
15572
15573
15670
15671
15672
15677
15679
15701
15702
15703
15704
15705
15706
15707
15708
15709
15734
15735
15736
15737
15738
15739
15740
15741
15742
15749
15757
15758
15839
15846
15851
15852
15853
15856
15865
15868
15869
15870
15871
15934
15936
15946
15947
15948
15949
15950
15951
15952
15953
15954
16034
16035
16053
16054
16055
16056
16057
16058
16059
16060
16061
16062
16450
16479
16481
16483
16617
16618
16632
16633
16634
16639
16640
16641
16642
16643
16644
16696
16700
16701
16707
16708
16747
16748
16749
16750
16751
16755